179 00010001
239 00000000
258 00020001
293 00010001
337 00030002
391 00010001
451 00000000
470 00020001
489 00040003
587 00010001
647 00000000
666 00020001
701 00010001
745 00030002
764 00050005
881 00010001
916 00000000
935 00020001
970 00010001
989 00030002
1043 00010001
1078 00000000
1097 00020001
1116 00040003
1135 00060008
1246 00010001
1281 00000000
1300 00020001
1335 00010001
1354 00030002
1408 00010001
1443 00000000
1462 00020001
1481 00040003
1554 00010001
1589 00000000
1608 00020001
1643 00010001
1662 00030002
1681 00050005
1700 0007000D
